[LEFT_CAM_2K]
fx=1067.68
fy=1067.57
cx=1115.2
cy=619.473
k1=-0.0631363
k2=0.0434139
p1=1.55475e-05
p2=9.12145e-05
k3=-0.018119

[RIGHT_CAM_2K]
fx=1069.82
fy=1070.01
cx=1118.11
cy=608.375
k1=-0.0594168
k2=0.0339045
p1=0.000292394
p2=-0.000212045
k3=-0.0133603

[LEFT_CAM_FHD]
fx=1067.68
fy=1067.57
cx=971.2
cy=538.473
k1=-0.0631363
k2=0.0434139
p1=1.55475e-05
p2=9.12145e-05
k3=-0.018119

[RIGHT_CAM_FHD]
fx=1069.82
fy=1070.01
cx=974.11
cy=527.375
k1=-0.0594168
k2=0.0339045
p1=0.000292394
p2=-0.000212045
k3=-0.0133603

[LEFT_CAM_HD]
fx=533.84
fy=533.785
cx=644.1
cy=357.7365
k1=-0.0631363
k2=0.0434139
p1=1.55475e-05
p2=9.12145e-05
k3=-0.018119

[RIGHT_CAM_HD]
fx=534.91
fy=535.005
cx=645.555
cy=352.1875
k1=-0.0594168
k2=0.0339045
p1=0.000292394
p2=-0.000212045
k3=-0.0133603

[LEFT_CAM_VGA]
fx=266.92
fy=266.8925
cx=337.55
cy=186.36825
k1=-0.0631363
k2=0.0434139
p1=1.55475e-05
p2=9.12145e-05
k3=-0.018119

[RIGHT_CAM_VGA]
fx=267.455
fy=267.5025
cx=338.2775
cy=183.59375
k1=-0.0594168
k2=0.0339045
p1=0.000292394
p2=-0.000212045
k3=-0.0133603

[LEFT_DISTO]
k1=-1.45173
k2=3.15583
k3=0.0275916
k4=-1.36017
k5=3.0031
k6=0.208904
p1=-2.23568e-05
p2=7.67181e-06

[RIGHT_DISTO]
k1=-1.17472
k2=2.70572
k3=0.101128
k4=-1.07697
k5=2.55252
k6=0.276904
p1=3.55419e-05
p2=-2.75657e-05

[STEREO]
Baseline=120.015
TY=-0.236738
TZ=0.412003
CV_2K=0.00383763
CV_FHD=0.00383763
CV_HD=0.00383763
CV_VGA=0.00383763
RX_2K=0.00194857
RX_FHD=0.00194857
RX_HD=0.00194857
RX_VGA=0.00194857
RZ_2K=0.00127063
RZ_FHD=0.00127063
RZ_HD=0.00127063
RZ_VGA=0.00127063

[MISC]
Sensor_ID=0


